et_10.txt
ncols         437
nrows         296
xllcorner     526651.91685265
yllcorner     3957685.3363754
cellsize      10
NODATA_value  -9999
[rows 30 to 59 of 296, columns 330 to 395 of 437]
1661.561 1660.991 1660.633 1660.286 1660.491 1660.695 1660.911 1661.166 1661.421 1661.136 1660.165 1659.193 1659.318 1660.035 1660.752 1660.853 1660.853 1660.831 1660.524 1660.216 1660.093 1660.451 1660.81 1661.393 1662.213 1663.033 1663.317 1663.368 1663.418 1662.218 1660.888 1659.546 1658.113 1656.679 1655.695 1655.645 1655.594 1655.379 1655.021 1654.662 1653.657 1652.428 1651.199 1650.068 1648.943 1647.767 1646.334 1644.901 1643.867 1643.508 1643.15 1641.929 1640.087 1638.245 1636.726 1635.293 1633.859 1632.734 1631.608 1630.579 1629.912 1629.246 1628.194 1626.607 1625.02 1623.336
1660.079 1659.558 1659.199 1658.85 1658.926 1659.002 1659.031 1658.901 1658.77 1658.439 1657.853 1657.266 1657.526 1658.243 1658.96 1659.061 1659.061 1659.022 1658.458 1657.893 1657.585 1657.943 1658.301 1659.072 1660.278 1661.483 1661.705 1661.499 1661.292 1660.417 1659.472 1658.471 1657.038 1655.604 1654.703 1654.91 1655.116 1655.021 1654.662 1654.304 1653.203 1651.846 1650.488 1649.596 1648.728 1647.767 1646.334 1644.901 1643.867 1643.508 1643.15 1642.079 1640.493 1638.908 1637.443 1636.009 1634.576 1633.707 1632.838 1631.958 1631.035 1630.112 1628.857 1627.142 1625.426 1623.533
1658.89 1658.417 1658.058 1657.709 1657.761 1657.813 1657.759 1657.348 1656.938 1656.527 1656.116 1655.705 1656.027 1656.744 1657.46 1657.516 1657.464 1657.377 1656.817 1656.258 1655.968 1656.379 1656.789 1657.545 1658.664 1659.783 1659.8 1659.337 1658.874 1658.181 1657.465 1656.683 1655.407 1654.131 1653.369 1653.674 1653.98 1653.932 1653.573 1653.215 1652.174 1650.898 1649.622 1648.879 1648.162 1647.354 1646.078 1644.802 1643.867 1643.508 1643.15 1642.167 1640.734 1639.3 1637.908 1636.527 1635.146 1634.272 1633.399 1632.483 1631.408 1630.333 1629.023 1627.389 1625.754 1623.763
1658.125 1657.7 1657.342 1656.995 1657.176 1657.356 1657.371 1656.832 1656.293 1655.754 1655.214 1654.675 1654.952 1655.669 1656.385 1656.331 1656.15 1655.97 1655.796 1655.621 1655.645 1656.184 1656.724 1657.17 1657.518 1657.867 1657.471 1656.751 1656.031 1655.314 1654.598 1653.861 1652.97 1652.079 1651.535 1651.713 1651.89 1651.781 1651.423 1651.065 1650.31 1649.419 1648.528 1647.803 1647.087 1646.342 1645.451 1644.56 1643.867 1643.508 1643.15 1642.167 1640.734 1639.3 1638.01 1636.757 1635.505 1634.246 1632.987 1631.766 1630.691 1629.616 1628.468 1627.219 1625.969 1624.041
1657.36 1656.983 1656.625 1656.281 1656.59 1656.899 1656.983 1656.315 1655.648 1654.98 1654.313 1653.645 1653.877 1654.594 1655.31 1655.146 1654.837 1654.563 1654.774 1654.985 1655.323 1655.99 1656.658 1656.794 1656.373 1655.951 1655.142 1654.166 1653.189 1652.448 1651.731 1651.039 1650.533 1650.027 1649.702 1649.751 1649.8 1649.631 1649.273 1648.915 1648.447 1647.941 1647.435 1646.728 1646.012 1645.329 1644.823 1644.318 1643.867 1643.508 1643.15 1642.167 1640.734 1639.3 1638.111 1636.987 1635.863 1634.219 1632.574 1631.049 1629.974 1628.899 1627.912 1627.048 1626.184 1624.318
1656.61 1656.395 1656.196 1656.011 1656.528 1657.045 1657.222 1656.267 1655.313 1654.533 1653.975 1653.417 1653.429 1653.75 1654.07 1654.012 1653.891 1653.771 1653.653 1653.536 1653.585 1654.063 1654.542 1654.593 1654.194 1653.794 1652.979 1651.983 1650.988 1650.316 1649.679 1649.074 1648.715 1648.357 1648.064 1647.905 1647.747 1647.481 1647.123 1646.765 1646.406 1646.048 1645.69 1645.141 1644.583 1644.057 1643.699 1643.34 1642.982 1642.624 1642.265 1641.282 1639.849 1638.416 1637.328 1636.332 1635.337 1633.624 1631.912 1630.349 1629.353 1628.358 1627.479 1626.762 1626.045 1624.154
1655.869 1655.887 1655.944 1656.017 1656.79 1657.564 1657.85 1656.51 1655.17 1654.288 1653.986 1653.685 1653.37 1653.049 1652.727 1652.909 1653.174 1653.36 1652.472 1651.584 1650.969 1651.063 1651.156 1651.26 1651.374 1651.488 1650.918 1650.051 1649.184 1648.641 1648.132 1647.64 1647.282 1646.924 1646.547 1646.131 1645.716 1645.331 1644.973 1644.615 1644.256 1643.898 1643.54 1643.235 1642.934 1642.624 1642.265 1641.907 1641.549 1641.19 1640.832 1639.849 1638.416 1636.982 1635.996 1635.129 1634.261 1632.677 1631.094 1629.659 1628.792 1627.925 1627.12 1626.404 1625.687 1623.715
1655.128 1655.379 1655.693 1656.022 1657.053 1658.083 1658.477 1656.752 1655.028 1654.042 1653.998 1653.953 1653.312 1652.348 1651.384 1651.807 1652.457 1652.949 1651.29 1649.632 1648.354 1648.062 1647.771 1647.927 1648.555 1649.182 1648.858 1648.119 1647.38 1646.966 1646.585 1646.207 1645.849 1645.49 1645.03 1644.358 1643.686 1643.181 1642.823 1642.464 1642.106 1641.748 1641.39 1641.33 1641.286 1641.19 1640.832 1640.474 1640.115 1639.757 1639.399 1638.416 1636.982 1635.549 1634.664 1633.925 1633.186 1631.731 1630.275 1628.97 1628.231 1627.492 1626.762 1626.045 1625.329 1623.276
1655 1655.291 1655.649 1656.023 1657.098 1658.173 1658.586 1656.795 1655.003 1654 1654 1654 1653.302 1652.227 1651.151 1651.616 1652.332 1652.877 1651.086 1649.294 1647.9 1647.542 1647.184 1647.349 1648.066 1648.783 1648.501 1647.784 1647.067 1646.675 1646.317 1645.959 1645.6 1645.242 1644.767 1644.051 1643.334 1642.809 1642.45 1642.092 1641.734 1641.375 1641.017 1641 1641 1640.942 1640.583 1640.225 1639.867 1639.508 1639.15 1638.167 1636.734 1635.3 1634.433 1633.717 1633 1631.567 1630.133 1628.85 1628.133 1627.417 1626.7 1625.983 1625.267 1623.2
1655 1655.291 1655.649 1656.023 1657.098 1658.173 1658.586 1656.795 1655.003 1654 1654 1654 1653.302 1652.227 1651.151 1651.616 1652.332 1652.877 1651.086 1649.294 1647.9 1647.542 1647.184 1647.349 1648.066 1648.783 1648.501 1647.784 1647.067 1646.675 1646.317 1645.959 1645.6 1645.242 1644.767 1644.051 1643.334 1642.809 1642.45 1642.092 1641.734 1641.375 1641.017 1641 1641 1640.942 1640.583 1640.225 1639.867 1639.508 1639.15 1638.167 1636.734 1635.3 1634.433 1633.717 1633 1631.567 1630.133 1628.85 1628.133 1627.417 1626.7 1625.983 1625.267 1623.2
1654.974 1655.265 1655.624 1655.997 1657.058 1658.119 1658.523 1656.736 1654.948 1653.948 1653.948 1653.948 1653.253 1652.182 1651.112 1651.569 1652.276 1652.813 1651.026 1649.239 1647.854 1647.514 1647.174 1647.347 1648.059 1648.771 1648.494 1647.787 1647.079 1646.684 1646.321 1645.957 1645.58 1645.203 1644.714 1643.993 1643.271 1642.744 1642.386 1642.027 1641.672 1641.319 1640.965 1640.944 1640.939 1640.876 1640.513 1640.151 1639.789 1639.431 1639.073 1638.098 1636.678 1635.259 1634.398 1633.686 1632.974 1631.55 1630.126 1628.848 1628.122 1627.396 1626.672 1625.951 1625.229 1623.17
1654.257 1654.548 1654.907 1655.272 1655.948 1656.624 1656.761 1655.102 1653.443 1652.515 1652.515 1652.515 1651.903 1650.961 1650.019 1650.273 1650.724 1651.03 1649.371 1647.713 1646.563 1646.737 1646.911 1647.284 1647.868 1648.452 1648.315 1647.864 1647.414 1646.926 1646.435 1645.897 1645.007 1644.116 1643.239 1642.389 1641.539 1640.952 1640.594 1640.235 1639.976 1639.751 1639.526 1639.388 1639.255 1639.064 1638.573 1638.081 1637.639 1637.281 1636.922 1636.171 1635.137 1634.103 1633.425 1632.841 1632.258 1631.09 1629.923 1628.794 1627.812 1626.829 1625.902 1625.052 1624.202 1622.336
1653.541 1653.832 1654.19 1654.547 1654.838 1655.128 1654.999 1653.468 1651.938 1651.082 1651.082 1651.082 1650.553 1649.739 1648.926 1648.978 1649.171 1649.247 1647.717 1646.187 1645.273 1645.96 1646.647 1647.222 1647.677 1648.132 1648.135 1647.942 1647.748 1647.168 1646.548 1645.838 1644.434 1643.03 1641.764 1640.786 1639.807 1639.161 1638.802 1638.444 1638.28 1638.183 1638.086 1637.832 1637.571 1637.251 1636.631 1636.012 1635.489 1635.131 1634.772 1634.245 1633.596 1632.947 1632.451 1631.996 1631.541 1630.63 1629.72 1628.741 1627.501 1626.261 1625.131 1624.153 1623.175 1621.503
1652.548 1652.8 1653.095 1653.384 1653.352 1653.321 1652.994 1651.687 1650.38 1649.634 1649.603 1649.571 1649.115 1648.43 1647.745 1647.648 1647.648 1647.552 1646.15 1644.748 1644.052 1645.19 1646.328 1647.071 1647.398 1647.725 1647.78 1647.717 1647.654 1646.97 1646.222 1645.35 1643.526 1641.703 1640.144 1639.132 1638.12 1637.457 1637.098 1636.74 1636.625 1636.593 1636.562 1636.249 1635.922 1635.537 1634.852 1634.167 1633.591 1633.201 1632.812 1632.458 1632.131 1631.805 1631.552 1631.32 1631.088 1630.371 1629.655 1628.788 1627.355 1625.921 1624.598 1623.429 1622.259 1620.699
1650.708 1650.8 1650.838 1650.872 1650.713 1650.552 1650.246 1649.453 1648.659 1648.144 1647.984 1647.824 1647.407 1646.85 1646.293 1646.215 1646.215 1646.128 1644.854 1643.581 1643.049 1644.444 1645.839 1646.65 1646.849 1647.047 1646.885 1646.565 1646.245 1645.421 1644.544 1643.543 1641.592 1639.64 1638.077 1637.322 1636.567 1636.023 1635.665 1635.307 1635.096 1634.936 1634.776 1634.579 1634.381 1634.124 1633.568 1633.011 1632.468 1631.95 1631.432 1631.099 1630.901 1630.703 1630.884 1631.165 1631.446 1630.73 1630.013 1629.146 1627.713 1626.28 1624.795 1623.241 1621.686 1619.982
1648.868 1648.799 1648.581 1648.361 1648.073 1647.785 1647.498 1647.218 1646.938 1646.654 1646.366 1646.078 1645.698 1645.27 1644.842 1644.781 1644.781 1644.703 1643.558 1642.413 1642.045 1643.697 1645.348 1646.229 1646.299 1646.37 1645.989 1645.412 1644.836 1643.871 1642.866 1641.737 1639.657 1637.577 1636.01 1635.512 1635.014 1634.59 1634.232 1633.873 1633.567 1633.279 1632.99 1632.91 1632.84 1632.712 1632.284 1631.855 1631.346 1630.699 1630.052 1629.741 1629.671 1629.601 1630.214 1631.01 1631.805 1631.088 1630.371 1629.505 1628.071 1626.638 1624.992 1623.052 1621.112 1619.266
1646.746 1646.758 1646.633 1646.502 1646.085 1645.669 1645.348 1645.348 1645.348 1645.293 1645.168 1645.044 1644.691 1644.216 1643.741 1643.674 1643.674 1643.6 1642.525 1641.45 1641.156 1642.889 1644.622 1645.454 1645.337 1645.22 1644.564 1643.672 1642.78 1641.722 1640.647 1639.502 1637.819 1636.136 1634.903 1634.603 1634.303 1633.909 1633.434 1632.959 1632.527 1632.11 1631.694 1631.618 1631.56 1631.453 1631.094 1630.736 1630.245 1629.528 1628.811 1628.477 1628.419 1628.36 1629.152 1630.168 1631.185 1630.644 1630.102 1629.374 1627.941 1626.507 1624.774 1622.624 1620.474 1618.512
1644.286 1644.667 1645.055 1645.424 1644.879 1644.334 1643.915 1643.915 1643.915 1644.086 1644.475 1644.864 1644.524 1643.792 1643.06 1642.957 1642.957 1642.884 1641.809 1640.734 1640.403 1642.008 1643.613 1644.254 1643.88 1643.507 1642.504 1641.226 1639.949 1638.855 1637.78 1636.754 1636.098 1635.443 1634.944 1634.773 1634.601 1634.13 1633.398 1632.666 1632.073 1631.528 1630.983 1630.779 1630.593 1630.378 1630.019 1629.661 1629.17 1628.453 1627.736 1627.327 1627.141 1626.954 1627.617 1628.505 1629.393 1629.237 1629.081 1628.657 1627.224 1625.791 1624.057 1621.907 1619.757 1617.715
1641.826 1642.575 1643.478 1644.346 1643.673 1642.999 1642.481 1642.481 1642.481 1642.879 1643.781 1644.684 1644.358 1643.369 1642.38 1642.241 1642.241 1642.167 1641.092 1640.017 1639.651 1641.127 1642.604 1643.054 1642.423 1641.793 1640.443 1638.781 1637.119 1635.989 1634.913 1634.005 1634.377 1634.749 1634.986 1634.943 1634.9 1634.351 1633.363 1632.374 1631.62 1630.946 1630.272 1629.94 1629.625 1629.303 1628.944 1628.586 1628.095 1627.378 1626.661 1626.178 1625.863 1625.547 1626.082 1626.842 1627.601 1627.831 1628.06 1627.941 1626.507 1625.074 1623.341 1621.19 1619.04 1616.917
1641.174 1642.042 1643.032 1643.986 1643.355 1642.724 1642.159 1641.818 1641.477 1641.534 1642.097 1642.66 1642.547 1642.069 1641.591 1641.377 1641.207 1640.974 1639.899 1638.824 1638.47 1639.989 1641.507 1641.937 1641.22 1640.503 1638.919 1636.957 1634.994 1634.068 1633.249 1632.587 1633.133 1633.679 1634.048 1634.048 1634.048 1633.61 1632.791 1631.972 1631.356 1630.81 1630.264 1629.815 1629.372 1628.942 1628.583 1628.225 1627.765 1627.134 1626.503 1626.03 1625.672 1625.313 1625.67 1626.216 1626.762 1626.95 1627.137 1627.022 1625.759 1624.496 1622.79 1620.47 1618.149 1615.828
1641.436 1642.296 1643.157 1643.989 1643.486 1642.983 1642.399 1641.544 1640.689 1640.12 1639.912 1639.705 1639.906 1640.327 1640.748 1640.44 1640.013 1639.541 1638.466 1637.391 1637.072 1638.719 1640.366 1640.862 1640.145 1639.428 1637.665 1635.446 1633.227 1632.625 1632.191 1631.841 1632.13 1632.419 1632.615 1632.615 1632.615 1632.383 1631.949 1631.515 1631.188 1630.899 1630.61 1630.051 1629.479 1628.942 1628.583 1628.225 1627.813 1627.31 1626.807 1626.388 1626.03 1625.672 1625.825 1626.114 1626.404 1626.335 1626.266 1626 1624.994 1623.988 1622.325 1619.747 1617.17 1614.592
1641.698 1642.55 1643.283 1643.992 1643.617 1643.243 1642.639 1641.27 1639.902 1638.705 1637.728 1636.75 1637.265 1638.585 1639.905 1639.503 1638.818 1638.108 1637.032 1635.958 1635.674 1637.45 1639.225 1639.787 1639.07 1638.353 1636.411 1633.935 1631.459 1631.182 1631.134 1631.094 1631.127 1631.159 1631.181 1631.181 1631.181 1631.155 1631.106 1631.058 1631.021 1630.989 1630.956 1630.287 1629.587 1628.942 1628.583 1628.225 1627.861 1627.486 1627.112 1626.746 1626.388 1626.03 1625.98 1626.013 1626.045 1625.719 1625.394 1624.979 1624.23 1623.481 1621.859 1619.024 1616.19 1613.356
1640.813 1641.552 1642.156 1642.742 1642.496 1642.25 1641.782 1640.573 1639.364 1638.263 1637.3 1636.337 1636.567 1637.439 1638.312 1637.626 1636.685 1635.758 1635.02 1634.281 1634.152 1635.607 1637.062 1637.459 1636.743 1636.026 1634.296 1632.124 1629.952 1629.951 1630.175 1630.374 1630.374 1630.374 1630.374 1630.374 1630.374 1630.494 1630.718 1630.943 1630.833 1630.609 1630.384 1629.798 1629.193 1628.611 1628.14 1627.67 1627.157 1626.575 1625.992 1625.54 1625.181 1624.823 1624.748 1624.748 1624.748 1624.502 1624.255 1623.934 1623.33 1622.725 1621.315 1618.784 1616.254 1613.654
1639.762 1640.372 1640.849 1641.312 1641.194 1641.076 1640.766 1639.814 1638.862 1637.961 1637.127 1636.292 1636.15 1636.38 1636.61 1635.614 1634.416 1633.276 1632.923 1632.569 1632.612 1633.682 1634.752 1634.951 1634.234 1633.518 1632.056 1630.269 1628.482 1628.75 1629.232 1629.657 1629.657 1629.657 1629.657 1629.657 1629.657 1629.914 1630.395 1630.877 1630.642 1630.161 1629.68 1629.203 1628.727 1628.231 1627.632 1627.033 1626.345 1625.506 1624.666 1624.106 1623.748 1623.39 1623.314 1623.314 1623.314 1623.197 1623.079 1622.886 1622.41 1621.934 1620.759 1618.614 1616.469 1614.173
1638.653 1639.134 1639.481 1639.821 1639.8 1639.778 1639.599 1638.893 1638.187 1637.476 1636.76 1636.043 1635.566 1635.218 1634.87 1633.627 1632.236 1630.938 1630.906 1630.874 1631.036 1631.699 1632.362 1632.364 1631.668 1630.973 1629.786 1628.384 1626.983 1627.53 1628.278 1628.939 1628.929 1628.918 1628.9 1628.868 1628.836 1629.193 1629.888 1630.584 1630.253 1629.568 1628.884 1628.52 1628.172 1627.765 1627.048 1626.331 1625.485 1624.421 1623.357 1622.703 1622.344 1621.986 1621.919 1621.93 1621.941 1621.941 1621.941 1621.868 1621.52 1621.172 1620.22 1618.428 1616.637 1614.627
1636.91 1637.238 1637.457 1637.665 1637.387 1637.109 1636.762 1636.184 1635.607 1634.968 1634.251 1633.534 1633.141 1632.922 1632.702 1631.918 1631.041 1630.195 1629.778 1629.361 1629.065 1629.087 1629.108 1628.905 1628.467 1628.028 1627.187 1626.171 1625.155 1626.087 1627.221 1628.208 1628.069 1627.93 1627.7 1627.283 1626.866 1626.906 1627.344 1627.783 1627.673 1627.373 1627.074 1626.851 1626.631 1626.331 1625.615 1624.898 1624.1 1623.164 1622.228 1621.627 1621.269 1620.911 1620.946 1621.085 1621.224 1621.224 1621.224 1621.178 1620.959 1620.739 1619.862 1618.07 1616.278 1614.349
1635.166 1635.342 1635.432 1635.51 1634.975 1634.44 1633.925 1633.476 1633.026 1632.459 1631.743 1631.026 1630.716 1630.625 1630.534 1630.209 1629.846 1629.452 1628.65 1627.847 1627.095 1626.475 1625.854 1625.447 1625.265 1625.084 1624.589 1623.958 1623.327 1624.644 1626.163 1627.476 1627.209 1626.941 1626.5 1625.698 1624.895 1624.618 1624.8 1624.982 1625.092 1625.178 1625.264 1625.181 1625.09 1624.898 1624.181 1623.465 1622.714 1621.906 1621.099 1620.552 1620.194 1619.836 1619.972 1620.24 1620.507 1620.507 1620.507 1620.488 1620.397 1620.306 1619.504 1617.712 1615.92 1614.071
1633.528 1633.642 1633.717 1633.775 1633.058 1632.342 1631.716 1631.396 1631.075 1630.563 1629.809 1629.055 1628.79 1628.79 1628.79 1628.79 1628.79 1628.714 1627.602 1626.489 1625.387 1624.312 1623.237 1622.667 1622.63 1622.592 1622.41 1622.164 1621.918 1623.382 1625.024 1626.452 1626.244 1626.036 1625.522 1624.372 1623.221 1622.686 1622.686 1622.686 1622.924 1623.245 1623.566 1623.474 1623.361 1623.162 1622.521 1621.879 1621.224 1620.545 1619.865 1619.394 1619.074 1618.753 1618.969 1619.327 1619.686 1619.648 1619.611 1619.573 1619.536 1619.498 1618.757 1617.041 1615.324 1613.513
1632.143 1632.417 1632.749 1633.058 1632.342 1631.625 1631.029 1630.837 1630.645 1630.148 1629.266 1628.383 1628.074 1628.074 1628.074 1628.074 1628.074 1627.989 1626.748 1625.507 1624.312 1623.237 1622.162 1621.53 1621.364 1621.198 1621.245 1621.384 1621.524 1622.559 1623.687 1624.72 1625.025 1625.331 1625.08 1623.673 1622.266 1621.611 1621.611 1621.611 1621.754 1621.946 1622.138 1621.673 1621.175 1620.696 1620.311 1619.926 1619.48 1618.929 1618.378 1618.036 1617.843 1617.651 1617.894 1618.252 1618.611 1618.445 1618.279 1618.113 1617.947 1617.781 1617.073 1615.613 1614.154 1612.277
1630.757 1631.192 1631.781 1632.342 1631.625 1630.908 1630.342 1630.278 1630.214 1629.733 1628.722 1627.711 1627.357 1627.357 1627.357 1627.357 1627.357 1627.263 1625.894 1624.525 1623.237 1622.162 1621.087 1620.392 1620.098 1619.803 1620.08 1620.604 1621.129 1621.735 1622.349 1622.987 1623.806 1624.625 1624.638 1622.974 1621.311 1620.536 1620.536 1620.536 1620.583 1620.647 1620.711 1619.873 1618.99 1618.229 1618.101 1617.973 1617.736 1617.313 1616.891 1616.677 1616.613 1616.549 1616.819 1617.177 1617.536 1617.241 1616.947 1616.653 1616.358 1616.064 1615.389 1614.186 1612.983 1611.041
