et_10.txt
ncols         437
nrows         296
xllcorner     526651.91685265
yllcorner     3957685.3363754
cellsize      10
NODATA_value  -9999
[rows 90 to 119 of 296, columns 66 to 131 of 437]
1597.744 1596.31 1595 1595 -9999 -9999 -9999 -9999 -9999 1593 1593 1593.573 1594.293 1594.978 1596.04 1597.115 1597.937 1597.578 1597.22 1598.246 1601.471 1604.696 1606 1606 1606 1605.135 1604.06 1603.005 1603.364 1603.722 1604.241 1605.316 1606.391 1607.31 1608.027 1608.744 1609.461 1610.177 1610.894 1610.695 1610.336 1610.022 1610.38 1610.739 1611.097 1611.455 1611.814 1612.344 1613.061 1613.777 1614.494 1615.211 1615.927 1615.745 1615.462 1615.29 1616.032 1616.773 1617.621 1618.696 1619.771 1620.67 1621.412 1622.154 1622.632 1623.015
1596.048 1594.408 1592.981 1592.981 -9999 -9999 -9999 -9999 -9999 1591.846 1591.846 1592.546 1593.47 1594.393 1595.663 1596.945 1598.028 1598.187 1598.345 1599.488 1602.197 1604.905 1605.815 1605.505 1605.195 1604.436 1603.567 1602.714 1602.865 1603.017 1603.329 1604.197 1605.065 1605.779 1606.288 1606.798 1607.574 1608.497 1609.421 1609.428 1609.277 1609.163 1609.625 1610.086 1610.464 1610.616 1610.767 1611.19 1611.907 1612.624 1613.411 1614.232 1615.052 1615.091 1615.043 1615.078 1615.794 1616.511 1617.341 1618.417 1619.492 1620.378 1621.094 1621.811 1622.264 1622.622
1594.02 1592.123 1590.472 1590.472 -9999 -9999 -9999 -9999 -9999 1590.413 1590.413 1591.307 1592.488 1593.668 1595.195 1596.734 1598.142 1598.942 1599.743 1601.032 1603.098 1605.165 1605.586 1604.891 1604.195 1603.567 1602.956 1602.352 1602.246 1602.141 1602.196 1602.808 1603.419 1603.876 1604.129 1604.382 1605.231 1606.411 1607.591 1607.856 1607.961 1608.096 1608.686 1609.276 1609.678 1609.573 1609.467 1609.757 1610.474 1611.19 1612.067 1613.015 1613.964 1614.362 1614.699 1615.078 1615.794 1616.511 1617.341 1618.417 1619.492 1620.378 1621.094 1621.811 1622.264 1622.622
1592.002 1589.859 1587.995 1587.995 -9999 -9999 -9999 -9999 -9999 1588.984 1589.003 1590.095 1591.532 1592.969 1594.749 1596.541 1598.269 1599.7 1601.132 1602.56 1603.984 1605.409 1605.345 1604.272 1603.199 1602.7 1602.339 1601.979 1601.625 1601.27 1601.075 1601.433 1601.792 1601.995 1601.995 1601.995 1602.915 1604.346 1605.778 1606.295 1606.653 1607.034 1607.748 1608.463 1608.888 1608.531 1608.175 1608.336 1609.059 1609.781 1610.744 1611.815 1612.886 1613.637 1614.352 1615.067 1615.784 1616.501 1617.328 1618.394 1619.46 1620.339 1621.05 1621.761 1622.214 1622.574
1590.683 1589.054 1587.636 1587.636 -9999 -9999 -9999 -9999 -9999 1588.153 1589.185 1590.648 1592.342 1594.035 1595.824 1597.616 1599.321 1600.624 1601.927 1603.029 1603.811 1604.593 1604.347 1603.402 1602.457 1601.88 1601.391 1600.908 1600.81 1600.712 1600.717 1601.075 1601.433 1601.636 1601.636 1601.636 1602.474 1603.777 1605.08 1605.578 1605.937 1606.309 1606.895 1607.482 1607.848 1607.62 1607.392 1607.805 1608.912 1610.02 1610.925 1611.74 1612.554 1613.164 1613.75 1614.351 1615.067 1615.784 1616.408 1616.831 1617.255 1617.627 1617.953 1618.279 1618.725 1619.213
1589.364 1588.249 1587.278 1587.278 -9999 -9999 -9999 1584 1585.449 1587.624 1589.355 1591.201 1593.151 1595.102 1596.899 1598.691 1600.373 1601.548 1602.723 1603.498 1603.638 1603.778 1603.348 1602.532 1601.715 1601.06 1600.443 1599.837 1599.996 1600.155 1600.358 1600.717 1601.075 1601.278 1601.278 1601.278 1602.033 1603.208 1604.382 1604.862 1605.22 1605.584 1606.042 1606.5 1606.807 1606.708 1606.608 1607.273 1608.766 1610.258 1611.106 1611.664 1612.222 1612.69 1613.148 1613.634 1614.351 1615.067 1615.487 1615.269 1615.05 1614.916 1614.856 1614.797 1615.236 1615.853
1587.993 1587.248 1586.599 1586.599 -9999 -9999 -9999 1584.481 1585.645 1587.766 1589.888 1591.944 1593.979 1596.014 1597.73 1599.436 1601.02 1602.037 1603.055 1603.552 1603.222 1602.893 1602.35 1601.662 1600.974 1600.24 1599.494 1598.765 1599.123 1599.481 1599.846 1600.233 1600.62 1600.852 1600.881 1600.91 1601.574 1602.591 1603.609 1604.016 1604.317 1604.623 1605.01 1605.397 1605.687 1605.716 1605.745 1606.62 1608.411 1610.203 1611.026 1611.413 1611.8 1612.188 1612.575 1612.991 1613.65 1614.31 1614.523 1613.777 1613.032 1612.475 1612.088 1611.701 1612.106 1612.794
1586.441 1585.568 1584.807 1584.807 -9999 -9999 -9999 1586.631 1587.725 1589.718 1591.711 1593.346 1594.868 1596.389 1597.716 1599.036 1600.257 1601.018 1601.779 1602.168 1601.967 1601.766 1601.351 1600.792 1600.232 1599.419 1598.546 1597.69 1598.048 1598.406 1598.8 1599.315 1599.831 1600.191 1600.348 1600.505 1601.05 1601.811 1602.572 1602.722 1602.766 1602.839 1603.354 1603.87 1604.288 1604.446 1604.603 1605.545 1607.336 1609.128 1610.04 1610.555 1611.071 1611.586 1612.102 1612.605 1613.007 1613.41 1613.407 1612.533 1611.659 1610.974 1610.459 1609.943 1610.219 1610.779
1584.89 1583.888 1583.016 1583.016 -9999 -9999 -9999 1588.781 1589.804 1591.669 1593.533 1594.748 1595.756 1596.764 1597.702 1598.637 1599.495 1599.999 1600.503 1600.784 1600.712 1600.639 1600.353 1599.921 1599.49 1598.599 1597.597 1596.615 1596.973 1597.331 1597.753 1598.397 1599.041 1599.53 1599.815 1600.101 1600.527 1601.031 1601.535 1601.428 1601.215 1601.055 1601.699 1602.343 1602.89 1603.175 1603.461 1604.47 1606.261 1608.053 1609.053 1609.697 1610.341 1610.985 1611.629 1612.219 1612.365 1612.51 1612.291 1611.289 1610.286 1609.473 1608.829 1608.185 1608.333 1608.764
1583.804 1582.673 1581.692 1581.719 -9999 -9999 -9999 1590.219 1591.388 1593.068 1594.749 1595.572 1596.122 1596.672 1597.275 1597.881 1598.443 1598.801 1599.159 1599.401 1599.456 1599.512 1599.354 1599.051 1598.749 1597.869 1596.849 1595.851 1596.265 1596.679 1597.123 1597.673 1598.223 1598.641 1598.888 1599.135 1599.383 1599.63 1599.877 1599.703 1599.456 1599.271 1600.044 1600.816 1601.491 1601.905 1602.319 1603.314 1604.939 1606.564 1607.524 1608.186 1608.847 1609.508 1610.169 1610.758 1610.758 1610.758 1610.47 1609.562 1608.653 1607.905 1607.299 1606.694 1606.798 1607.156
1583.327 1582.068 1580.998 1581.239 1581.613 1584.026 1588.13 1590.681 1592.322 1593.745 1595.169 1595.638 1595.803 1595.968 1596.31 1596.659 1597.009 1597.367 1597.726 1598.017 1598.201 1598.385 1598.355 1598.181 1598.007 1597.256 1596.365 1595.494 1596.037 1596.579 1597.037 1597.201 1597.366 1597.455 1597.445 1597.436 1597.426 1597.416 1597.406 1597.413 1597.423 1597.487 1598.388 1599.289 1600.093 1600.635 1601.177 1602.054 1603.294 1604.534 1605.286 1605.818 1606.351 1606.884 1607.417 1607.891 1607.891 1607.891 1607.725 1607.202 1606.679 1606.248 1605.9 1605.551 1605.723 1606.082
1582.851 1581.463 1580.327 1580.906 1581.542 1583.454 1587.458 1591.087 1593.256 1594.423 1595.59 1595.705 1595.484 1595.263 1595.345 1595.437 1595.576 1595.934 1596.292 1596.633 1596.945 1597.258 1597.357 1597.311 1597.265 1596.642 1595.88 1595.138 1595.809 1596.479 1596.951 1596.73 1596.509 1596.269 1596.002 1595.736 1595.469 1595.203 1594.936 1595.124 1595.39 1595.703 1596.733 1597.762 1598.694 1599.365 1600.036 1600.794 1601.649 1602.503 1603.047 1603.451 1603.856 1604.26 1604.664 1605.025 1605.025 1605.025 1604.981 1604.843 1604.706 1604.592 1604.5 1604.408 1604.648 1605.006
1582.45 1581.017 1579.895 1580.859 1581.823 1583.714 1587.408 1591.103 1593.314 1594.307 1595.299 1595.268 1594.909 1594.551 1594.38 1594.215 1594.142 1594.501 1594.859 1595.217 1595.576 1595.934 1596.079 1596.079 1596.079 1595.635 1595.083 1594.549 1595.183 1595.817 1596.229 1595.871 1595.512 1595.083 1594.559 1594.036 1593.672 1593.396 1593.12 1593.525 1594.048 1594.605 1595.68 1596.755 1597.711 1598.345 1598.979 1599.614 1600.248 1600.882 1601.326 1601.684 1602.043 1602.327 1602.603 1602.849 1602.849 1602.849 1602.849 1602.849 1602.849 1602.849 1602.849 1602.849 1603.113 1603.471
1582.092 1580.659 1579.587 1580.936 1582.286 1584.3 1587.609 1590.918 1592.885 1593.75 1594.614 1594.551 1594.193 1593.834 1593.415 1592.993 1592.709 1593.067 1593.426 1593.784 1594.142 1594.501 1594.646 1594.646 1594.646 1594.408 1594.113 1593.83 1594.336 1594.842 1595.154 1594.796 1594.437 1593.896 1593.116 1592.336 1591.962 1591.815 1591.667 1592.31 1593.09 1593.889 1594.964 1596.039 1596.96 1597.465 1597.971 1598.477 1598.983 1599.489 1599.893 1600.251 1600.609 1600.778 1600.926 1601.057 1601.057 1601.057 1601.057 1601.057 1601.057 1601.057 1601.057 1601.057 1601.321 1601.679
1581.734 1580.3 1579.278 1581.013 1582.748 1584.886 1587.81 1590.734 1592.457 1593.192 1593.928 1593.834 1593.476 1593.118 1592.449 1591.771 1591.276 1591.634 1591.992 1592.351 1592.709 1593.067 1593.212 1593.212 1593.212 1593.182 1593.144 1593.112 1593.489 1593.866 1594.079 1593.721 1593.362 1592.71 1591.673 1590.636 1590.253 1590.234 1590.215 1591.096 1592.133 1593.172 1594.247 1595.322 1596.208 1596.586 1596.963 1597.34 1597.718 1598.095 1598.459 1598.818 1599.176 1599.229 1599.248 1599.265 1599.265 1599.265 1599.265 1599.265 1599.265 1599.265 1599.265 1599.265 1599.529 1599.887
1581.876 1581.317 1581.065 1582.856 1584.648 1586.693 1589.232 1591.77 1593.189 1593.687 1594.185 1593.868 1593.291 1592.714 1591.896 1591.069 1590.453 1590.811 1591.169 1591.612 1592.189 1592.767 1593.065 1593.175 1593.284 1593.217 1593.108 1593.004 1593.253 1593.501 1593.615 1593.256 1592.898 1592.229 1591.154 1590.079 1589.695 1589.695 1589.695 1590.611 1591.686 1592.747 1593.604 1594.46 1595.181 1595.539 1595.898 1596.256 1596.615 1596.973 1597.407 1597.874 1598.342 1598.389 1598.389 1598.366 1598.147 1597.928 1597.64 1597.202 1596.765 1596.558 1596.558 1596.558 1596.822 1597.18
1582.105 1582.574 1583.215 1585.006 1586.798 1588.713 1590.866 1593.019 1594.123 1594.364 1594.605 1594.031 1593.197 1592.364 1591.413 1590.458 1589.736 1590.094 1590.453 1590.995 1591.829 1592.663 1593.142 1593.38 1593.617 1593.472 1593.234 1593.002 1593.122 1593.243 1593.256 1592.898 1592.539 1591.871 1590.796 1589.721 1589.336 1589.336 1589.336 1590.252 1591.327 1592.373 1592.973 1593.572 1594.106 1594.464 1594.823 1595.181 1595.539 1595.898 1596.42 1597.016 1597.612 1597.673 1597.673 1597.621 1597.146 1596.67 1596.043 1595.092 1594.141 1593.691 1593.691 1593.691 1593.955 1594.313
1582.349 1583.79 1585.277 1587.068 1588.86 1590.649 1592.433 1594.217 1595.005 1594.973 1594.942 1594.125 1593.058 1591.991 1590.924 1589.856 1589.041 1589.4 1589.758 1590.393 1591.468 1592.543 1593.187 1593.537 1593.888 1593.649 1593.267 1592.89 1592.89 1592.89 1592.813 1592.471 1592.128 1591.475 1590.416 1589.357 1588.973 1588.965 1588.957 1589.865 1590.932 1591.956 1592.314 1592.673 1593.035 1593.409 1593.784 1594.135 1594.462 1594.789 1595.363 1596.048 1596.733 1596.802 1596.802 1596.725 1596.017 1595.308 1594.376 1592.967 1591.557 1590.89 1590.89 1590.89 1591.16 1591.526
1582.825 1584.395 1585.993 1587.785 1589.577 1591.322 1592.978 1594.633 1595.081 1594.536 1593.991 1593.147 1592.209 1591.27 1590.331 1589.392 1588.683 1589.041 1589.4 1590.035 1591.11 1592.185 1592.752 1592.974 1593.196 1592.622 1591.854 1591.098 1591.098 1591.098 1591.079 1590.993 1590.908 1590.511 1589.709 1588.906 1588.532 1588.396 1588.26 1589.039 1589.978 1590.881 1591.239 1591.598 1592.03 1592.661 1593.292 1593.53 1593.343 1593.156 1593.217 1593.388 1593.56 1593.577 1593.577 1593.514 1592.934 1592.354 1591.632 1590.607 1589.583 1589.098 1589.098 1589.098 1589.463 1589.957
1583.302 1585 1586.71 1588.502 1590.294 1591.995 1593.522 1595.05 1595.158 1594.099 1593.04 1592.17 1591.359 1590.549 1589.739 1588.928 1588.325 1588.683 1589.041 1589.677 1590.752 1591.827 1592.317 1592.411 1592.504 1591.595 1590.443 1589.307 1589.307 1589.307 1589.345 1589.516 1589.687 1589.548 1589.002 1588.456 1588.091 1587.827 1587.562 1588.213 1589.023 1589.806 1590.164 1590.523 1591.024 1591.912 1592.8 1592.925 1592.225 1591.524 1591.071 1590.729 1590.387 1590.352 1590.352 1590.303 1589.851 1589.399 1588.888 1588.248 1587.609 1587.307 1587.307 1587.307 1587.766 1588.389
1583.583 1585.514 1587.409 1589.061 1590.714 1592.257 1593.586 1594.915 1594.767 1593.403 1592.039 1591.166 1590.449 1589.732 1589.116 1588.504 1588.045 1588.299 1588.553 1589.084 1590.055 1591.025 1591.418 1591.418 1591.418 1590.376 1589.082 1587.806 1587.806 1587.806 1587.878 1588.202 1588.526 1588.554 1588.195 1587.837 1587.479 1587.12 1586.762 1587.26 1587.907 1588.537 1588.895 1589.254 1589.787 1590.793 1591.798 1591.855 1590.884 1589.913 1589.094 1588.342 1587.591 1587.546 1587.581 1587.581 1587.292 1587.003 1586.703 1586.38 1586.056 1585.903 1585.903 1585.903 1586.405 1587.087
1583.339 1585.784 1588.059 1589.198 1590.337 1591.41 1592.353 1593.297 1593.116 1592.009 1590.902 1590.091 1589.374 1588.657 1588.414 1588.187 1587.977 1587.846 1587.714 1587.86 1588.446 1589.031 1589.268 1589.268 1589.268 1588.639 1587.859 1587.089 1587.089 1587.089 1587.133 1587.328 1587.523 1587.479 1587.12 1586.762 1586.404 1586.045 1585.687 1585.966 1586.357 1586.745 1587.104 1587.462 1587.926 1588.675 1589.423 1589.531 1588.946 1588.36 1587.572 1586.692 1585.812 1585.87 1586.033 1586.175 1586.143 1586.111 1586.027 1585.832 1585.637 1585.545 1585.545 1585.545 1585.952 1586.506
1583.096 1586.054 1588.709 1589.334 1589.959 1590.562 1591.121 1591.679 1591.465 1590.615 1589.765 1589.016 1588.299 1587.582 1587.712 1587.87 1587.909 1587.392 1586.876 1586.636 1586.837 1587.037 1587.118 1587.118 1587.118 1586.903 1586.636 1586.373 1586.373 1586.373 1586.388 1586.454 1586.521 1586.404 1586.045 1585.687 1585.329 1584.97 1584.612 1584.673 1584.806 1584.953 1585.312 1585.67 1586.065 1586.557 1587.048 1587.208 1587.008 1586.807 1586.05 1585.042 1584.033 1584.194 1584.485 1584.77 1584.994 1585.219 1585.351 1585.285 1585.218 1585.186 1585.186 1585.186 1585.499 1585.924
1582.453 1585.678 1588.53 1588.889 1589.247 1589.585 1589.881 1590.178 1589.986 1589.393 1588.799 1588.159 1587.504 1586.849 1587.175 1587.533 1587.723 1587.13 1586.536 1586.148 1586.087 1586.025 1585.963 1585.902 1585.84 1585.729 1585.605 1585.484 1585.484 1585.484 1585.456 1585.333 1585.21 1584.958 1584.538 1584.118 1583.856 1583.683 1583.51 1583.484 1583.484 1583.502 1583.799 1584.095 1584.409 1584.767 1585.125 1585.371 1585.494 1585.618 1585.127 1584.36 1583.594 1583.894 1584.314 1584.707 1584.88 1585.054 1585.113 1584.928 1584.743 1584.591 1584.468 1584.344 1584.53 1584.827
1581.378 1584.603 1587.455 1587.814 1588.172 1588.466 1588.634 1588.802 1588.694 1588.357 1588.021 1587.54 1587.013 1586.487 1586.816 1587.175 1587.41 1587.073 1586.737 1586.457 1586.267 1586.077 1585.887 1585.697 1585.507 1585.164 1584.783 1584.409 1584.409 1584.409 1584.324 1583.944 1583.563 1583.11 1582.562 1582.014 1581.954 1582.166 1582.377 1582.409 1582.409 1582.419 1582.587 1582.756 1582.975 1583.334 1583.692 1584.061 1584.441 1584.821 1584.853 1584.729 1584.604 1585.084 1585.633 1586.099 1585.887 1585.675 1585.349 1584.779 1584.209 1583.739 1583.359 1582.979 1583.002 1583.171
1580.303 1583.528 1586.38 1586.739 1587.097 1587.347 1587.387 1587.427 1587.401 1587.322 1587.242 1586.921 1586.522 1586.124 1586.458 1586.816 1587.097 1587.017 1586.938 1586.766 1586.447 1586.129 1585.81 1585.492 1585.173 1584.599 1583.962 1583.334 1583.334 1583.334 1583.191 1582.554 1581.917 1581.263 1580.586 1579.91 1580.051 1580.648 1581.245 1581.334 1581.334 1581.336 1581.376 1581.416 1581.542 1581.9 1582.259 1582.751 1583.388 1584.025 1584.579 1585.097 1585.614 1586.275 1586.951 1587.49 1586.893 1586.296 1585.585 1584.63 1583.674 1582.887 1582.25 1581.613 1581.474 1581.514
1580.221 1582.915 1585.294 1585.564 1585.833 1586.042 1586.13 1586.219 1586.502 1586.944 1587.387 1587.223 1586.864 1586.506 1586.67 1586.851 1586.984 1586.896 1586.807 1586.615 1586.256 1585.898 1585.487 1585.04 1584.593 1584 1583.372 1582.755 1582.932 1583.11 1583.106 1582.478 1581.85 1581.26 1580.721 1580.181 1580.278 1580.729 1581.18 1581.172 1581.083 1581 1581 1581 1581.097 1581.455 1581.814 1582.217 1582.668 1583.119 1583.692 1584.32 1584.948 1585.576 1586.204 1586.725 1586.363 1586 1585.411 1584.336 1583.261 1582.375 1581.659 1580.942 1580.818 1580.907
1580.587 1582.51 1584.202 1584.344 1584.485 1584.652 1584.869 1585.086 1585.779 1586.864 1587.948 1587.939 1587.581 1587.223 1587.138 1587.062 1586.962 1586.745 1586.528 1586.256 1585.898 1585.539 1585.052 1584.477 1583.901 1583.387 1582.887 1582.401 1582.835 1583.269 1583.494 1582.994 1582.494 1582.088 1581.806 1581.523 1581.464 1581.53 1581.596 1581.421 1581.204 1581 1581 1581 1581.097 1581.455 1581.814 1582.032 1582.097 1582.163 1582.528 1583.028 1583.528 1584.028 1584.527 1584.989 1585.14 1585.292 1585.053 1583.978 1582.903 1582.017 1581.3 1580.583 1580.554 1580.771
1580.953 1582.106 1583.11 1583.123 1583.136 1583.262 1583.608 1583.953 1585.056 1586.783 1588.51 1588.656 1588.297 1587.939 1587.606 1587.274 1586.939 1586.594 1586.248 1585.898 1585.539 1585.181 1584.617 1583.913 1583.21 1582.774 1582.402 1582.046 1582.737 1583.428 1583.881 1583.509 1583.138 1582.916 1582.89 1582.864 1582.65 1582.33 1582.011 1581.67 1581.324 1581 1581 1581 1581.097 1581.455 1581.814 1581.847 1581.527 1581.208 1581.365 1581.736 1582.107 1582.479 1582.85 1583.253 1583.918 1584.583 1584.695 1583.62 1582.545 1581.659 1580.942 1580.225 1580.291 1580.636
1580.99 1582.065 1583 1583 1583 1583.122 1583.48 1583.838 1584.983 1586.775 1588.567 1588.728 1588.37 1588.012 1587.653 1587.295 1586.937 1586.578 1586.22 1585.862 1585.503 1585.145 1584.573 1583.856 1583.14 1582.712 1582.353 1582.01 1582.727 1583.444 1583.92 1583.561 1583.203 1583 1583 1583 1582.77 1582.411 1582.053 1581.695 1581.336 1581 1581 1581 1581.097 1581.455 1581.814 1581.828 1581.47 1581.111 1581.247 1581.605 1581.964 1582.322 1582.68 1583.078 1583.794 1584.511 1584.659 1583.583 1582.508 1581.622 1580.906 1580.189 1580.264 1580.622
