et_10.txt
ncols         437
nrows         296
xllcorner     526651.91685265
yllcorner     3957685.3363754
cellsize      10
NODATA_value  -9999
[rows 0 to 29 of 296, columns 330 to 395 of 437]
1713.673 1711.254 1709.104 1706.969 1705.536 1704.102 1702.09 1698.148 1694.206 1692.158 1692.516 1692.875 1693 1693 1693 1693 1693 1692.951 1692.234 1691.518 1690.801 1690.084 1689.367 1689 1689 1689 1688.251 1687.176 1686.101 1685.026 1683.951 1682.545 1678.603 1674.662 1671.534 1670.101 1668.668 1667.234 1665.801 1664.368 1663.201 1662.126 1661.051 1658.951 1656.801 1654.767 1653.334 1651.901 1651 1651 1651 1650.792 1650.433 1650.075 1649.717 1649.358 1649 1646.492 1643.984 1641.55 1639.4 1637.25 1635.4 1633.967 1632.533 1630.875
1713.358 1710.975 1708.852 1706.744 1705.324 1703.904 1701.908 1697.993 1694.079 1692.033 1692.365 1692.696 1692.821 1692.835 1692.848 1692.861 1692.875 1692.84 1692.15 1691.461 1690.763 1690.047 1689.33 1688.943 1688.902 1688.862 1688.082 1686.98 1685.878 1684.752 1683.623 1682.178 1678.303 1674.429 1671.356 1669.949 1668.543 1667.136 1665.73 1664.323 1663.183 1662.135 1661.087 1659.014 1656.891 1654.878 1653.431 1651.984 1651.06 1651.02 1650.979 1650.762 1650.417 1650.072 1649.717 1649.358 1649 1646.505 1644.01 1641.59 1639.454 1637.317 1635.486 1634.08 1632.673 1631.025
1710.346 1708.317 1706.451 1704.597 1703.306 1702.014 1700.176 1696.518 1692.86 1690.845 1690.92 1690.995 1691.113 1691.255 1691.397 1691.538 1691.68 1691.783 1691.35 1690.917 1690.405 1689.688 1688.972 1688.397 1687.971 1687.546 1686.47 1685.111 1683.753 1682.137 1680.494 1678.668 1675.436 1672.203 1669.647 1668.498 1667.348 1666.198 1665.049 1663.899 1663.016 1662.224 1661.433 1659.617 1657.751 1655.932 1654.357 1652.781 1651.634 1651.208 1650.782 1650.478 1650.262 1650.045 1649.717 1649.358 1649 1646.634 1644.267 1641.976 1639.967 1637.959 1636.31 1635.161 1634.011 1632.458
1707.335 1705.659 1704.05 1702.45 1701.287 1700.124 1698.443 1695.042 1691.641 1689.657 1689.475 1689.293 1689.405 1689.675 1689.945 1690.215 1690.486 1690.725 1690.549 1690.373 1690.047 1689.33 1688.613 1687.851 1687.04 1686.229 1684.858 1683.242 1681.627 1679.521 1677.365 1675.159 1672.569 1669.978 1667.939 1667.046 1666.153 1665.26 1664.368 1663.475 1662.848 1662.314 1661.779 1660.22 1658.611 1656.986 1655.282 1653.579 1652.207 1651.396 1650.585 1650.195 1650.107 1650.018 1649.717 1649.358 1649 1646.762 1644.524 1642.361 1640.481 1638.601 1637.135 1636.242 1635.349 1633.892
1705.037 1703.611 1702.177 1700.752 1699.677 1698.602 1697.058 1693.954 1690.85 1688.955 1688.596 1688.238 1688.319 1688.637 1688.955 1689.343 1689.741 1690.107 1690.026 1689.946 1689.688 1688.972 1688.255 1687.403 1686.409 1685.414 1683.864 1682.073 1680.281 1677.84 1675.332 1672.855 1670.624 1668.394 1666.655 1665.938 1665.221 1664.526 1663.85 1663.173 1662.674 1662.235 1661.796 1660.371 1658.897 1657.371 1655.58 1653.788 1652.293 1651.298 1650.304 1649.887 1649.887 1649.887 1649.572 1649.174 1648.775 1646.544 1644.314 1642.167 1640.334 1638.502 1637.12 1636.363 1635.606 1634.225
1704.296 1702.894 1701.461 1700.035 1698.96 1697.885 1696.43 1693.711 1690.993 1689.313 1688.955 1688.596 1688.594 1688.784 1688.973 1689.453 1689.98 1690.448 1690.11 1689.773 1689.33 1688.613 1687.897 1687.17 1686.432 1685.695 1684.223 1682.431 1680.639 1678.198 1675.69 1673.184 1670.696 1668.209 1666.296 1665.58 1664.863 1664.236 1663.688 1663.141 1662.483 1661.787 1661.091 1659.531 1657.929 1656.297 1654.505 1652.713 1651.313 1650.576 1649.838 1649.529 1649.529 1649.529 1649.112 1648.585 1648.058 1645.571 1643.083 1640.706 1638.746 1636.785 1635.275 1634.389 1633.504 1632.155
1703.555 1702.177 1700.744 1699.318 1698.243 1697.168 1695.803 1693.469 1691.135 1689.672 1689.313 1688.955 1688.869 1688.93 1688.991 1689.563 1690.219 1690.789 1690.194 1689.6 1688.972 1688.255 1687.538 1686.937 1686.456 1685.975 1684.581 1682.789 1680.998 1678.557 1676.048 1673.513 1670.768 1668.024 1665.938 1665.221 1664.505 1663.947 1663.527 1663.108 1662.292 1661.339 1660.386 1658.692 1656.962 1655.221 1653.43 1651.638 1650.334 1649.853 1649.372 1649.171 1649.171 1649.171 1648.653 1647.997 1647.342 1644.598 1641.853 1639.246 1637.157 1635.068 1633.429 1632.416 1631.402 1630.086
1703.202 1701.836 1700.402 1698.977 1697.902 1696.827 1695.504 1693.353 1691.203 1689.842 1689.484 1689.125 1689 1689 1689 1689.616 1690.332 1690.951 1690.234 1689.518 1688.801 1688.084 1687.367 1686.825 1686.467 1686.109 1684.752 1682.96 1681.168 1678.727 1676.219 1673.669 1670.802 1667.936 1665.767 1665.051 1664.334 1663.809 1663.45 1663.092 1662.251 1661.243 1660.235 1658.416 1656.557 1654.72 1652.996 1651.271 1650.054 1649.696 1649.338 1649.188 1649.188 1649.188 1648.515 1647.664 1646.813 1644.013 1641.214 1638.522 1636.237 1633.953 1632.147 1631.004 1629.862 1628.621
1703.202 1701.836 1700.402 1698.977 1697.902 1696.827 1695.504 1693.353 1691.203 1689.842 1689.484 1689.125 1689 1689 1689 1689.616 1690.332 1690.951 1690.234 1689.518 1688.801 1688.084 1687.367 1686.825 1686.467 1686.109 1684.752 1682.96 1681.168 1678.727 1676.219 1673.669 1670.802 1667.936 1665.767 1665.051 1664.334 1663.809 1663.45 1663.092 1662.346 1661.467 1660.587 1658.652 1656.665 1654.741 1653.145 1651.549 1650.413 1650.054 1649.696 1649.546 1649.546 1649.546 1648.67 1647.562 1646.454 1643.783 1641.112 1638.468 1635.927 1633.386 1631.376 1630.106 1628.835 1627.708
1703.202 1701.836 1700.402 1698.977 1697.902 1696.827 1695.504 1693.353 1691.203 1689.842 1689.484 1689.125 1689 1689 1689 1689.616 1690.332 1690.951 1690.234 1689.518 1688.801 1688.084 1687.367 1686.825 1686.467 1686.109 1684.752 1682.96 1681.168 1678.727 1676.219 1673.669 1670.802 1667.936 1665.767 1665.051 1664.334 1663.809 1663.45 1663.092 1662.442 1661.691 1660.94 1658.888 1656.772 1654.762 1653.294 1651.826 1650.771 1650.413 1650.054 1649.904 1649.904 1649.904 1648.825 1647.461 1646.096 1643.553 1641.011 1638.414 1635.616 1632.818 1630.606 1629.207 1627.808 1626.794
1701.889 1700.523 1699.089 1697.668 1696.781 1695.894 1694.759 1692.797 1690.835 1689.58 1689.221 1688.863 1688.799 1688.893 1688.987 1689.454 1689.983 1690.426 1689.709 1688.992 1688.302 1687.679 1687.057 1686.425 1685.785 1685.144 1683.701 1681.91 1680.118 1678.018 1675.886 1673.691 1671.012 1668.334 1666.323 1665.7 1665.078 1664.446 1663.805 1663.164 1662.467 1661.75 1661.034 1658.951 1656.801 1654.767 1653.334 1651.901 1650.867 1650.508 1650.15 1650 1650 1650 1648.867 1647.434 1646 1643.492 1640.984 1638.4 1635.533 1632.667 1630.4 1628.967 1627.533 1626.55
1700.097 1698.731 1697.298 1695.882 1695.252 1694.622 1693.743 1692.038 1690.333 1689.221 1688.863 1688.505 1688.524 1688.746 1688.969 1689.233 1689.505 1689.709 1688.992 1688.276 1687.621 1687.127 1686.632 1685.879 1684.853 1683.827 1682.268 1680.476 1678.685 1677.05 1675.432 1673.721 1671.299 1668.877 1667.081 1666.587 1666.093 1665.315 1664.289 1663.263 1662.467 1661.75 1661.034 1658.951 1656.801 1654.767 1653.334 1651.901 1650.867 1650.508 1650.15 1650 1650 1650 1648.867 1647.434 1646 1643.492 1640.984 1638.4 1635.533 1632.667 1630.4 1628.967 1627.533 1626.55
1698.305 1696.939 1695.506 1694.095 1693.722 1693.349 1692.728 1691.279 1689.831 1688.863 1688.505 1688.146 1688.249 1688.6 1688.951 1689.013 1689.028 1688.992 1688.276 1687.559 1686.94 1686.574 1686.208 1685.333 1683.922 1682.511 1680.835 1679.043 1677.251 1676.082 1674.977 1673.75 1671.585 1669.42 1667.84 1667.474 1667.108 1666.184 1664.773 1663.362 1662.467 1661.75 1661.034 1658.951 1656.801 1654.767 1653.334 1651.901 1650.867 1650.508 1650.15 1650 1650 1650 1648.867 1647.434 1646 1643.492 1640.984 1638.4 1635.533 1632.667 1630.4 1628.967 1627.533 1626.55
1695.838 1694.472 1693.039 1691.626 1691.147 1690.667 1690.135 1689.428 1688.721 1688.327 1688.331 1688.336 1688.492 1688.729 1688.967 1689.208 1689.45 1689.635 1689.039 1688.443 1687.88 1687.4 1686.921 1685.8 1684.004 1682.207 1680.667 1679.238 1677.81 1676.701 1675.626 1674.455 1672.547 1670.639 1669.077 1668.235 1667.392 1666.105 1664.43 1662.754 1661.702 1660.864 1660.026 1658.169 1656.261 1654.43 1652.996 1651.563 1650.484 1650.005 1649.526 1649.254 1649.133 1649.012 1647.95 1646.637 1645.325 1642.575 1639.824 1637.125 1634.622 1632.118 1630.113 1628.801 1627.488 1626.322
1693.33 1691.964 1690.531 1689.115 1688.507 1687.9 1687.447 1687.51 1687.573 1687.78 1688.17 1688.559 1688.767 1688.876 1688.985 1689.428 1689.927 1690.36 1689.893 1689.425 1688.919 1688.311 1687.704 1686.329 1684.147 1681.966 1680.577 1679.534 1678.49 1677.418 1676.343 1675.201 1673.55 1671.899 1670.344 1668.988 1667.632 1665.968 1664.036 1662.104 1660.89 1659.924 1658.958 1657.339 1655.687 1654.071 1652.638 1651.205 1650.078 1649.47 1648.863 1648.463 1648.214 1647.964 1646.976 1645.792 1644.608 1641.601 1638.594 1635.773 1633.654 1631.536 1629.808 1628.624 1627.44 1626.08
1690.876 1689.557 1688.182 1686.822 1686.105 1685.388 1684.998 1685.695 1686.392 1687.09 1687.787 1688.484 1688.766 1688.825 1688.883 1689.541 1690.296 1690.978 1690.659 1690.339 1689.92 1689.243 1688.565 1686.976 1684.429 1681.881 1680.569 1679.794 1679.019 1677.989 1676.934 1675.832 1674.38 1672.927 1671.364 1669.572 1667.78 1665.818 1663.707 1661.596 1660.24 1659.146 1658.052 1656.615 1655.163 1653.713 1652.28 1650.846 1649.687 1648.989 1648.292 1647.78 1647.403 1647.025 1646.096 1645.021 1643.946 1640.663 1637.379 1634.412 1632.64 1630.867 1629.387 1628.312 1627.237 1625.7
1688.726 1687.72 1686.73 1685.747 1685.03 1684.313 1683.893 1684.462 1685.031 1685.6 1686.169 1686.737 1687.225 1687.668 1688.112 1689.044 1690.057 1690.996 1690.933 1690.871 1690.708 1690.287 1689.867 1688.284 1685.48 1682.676 1681.017 1679.857 1678.696 1677.747 1676.82 1675.818 1674.236 1672.655 1671.005 1669.214 1667.422 1665.597 1663.743 1661.888 1660.503 1659.281 1658.057 1656.493 1654.912 1653.355 1651.921 1650.488 1649.376 1648.807 1648.238 1647.706 1647.2 1646.693 1645.738 1644.662 1643.588 1639.919 1636.25 1633.005 1631.361 1629.718 1628.312 1627.237 1626.162 1624.544
1686.576 1685.883 1685.278 1684.672 1683.955 1683.238 1682.789 1683.229 1683.669 1684.11 1684.55 1684.991 1685.683 1686.512 1687.341 1688.548 1689.818 1691.013 1691.208 1691.402 1691.496 1691.332 1691.168 1689.593 1686.532 1683.471 1681.465 1679.92 1678.374 1677.505 1676.707 1675.803 1674.093 1672.383 1670.647 1668.855 1667.064 1665.376 1663.778 1662.181 1660.766 1659.415 1658.064 1656.371 1654.661 1652.996 1651.563 1650.13 1649.065 1648.625 1648.184 1647.631 1646.997 1646.362 1645.379 1644.304 1643.229 1639.176 1635.122 1631.599 1630.083 1628.568 1627.237 1626.162 1625.087 1623.388
1684.77 1684.283 1683.879 1683.468 1682.798 1682.127 1681.673 1681.939 1682.204 1682.511 1682.869 1683.228 1684.052 1685.127 1686.202 1687.545 1688.932 1690.248 1690.607 1690.965 1691.211 1691.165 1691.118 1689.613 1686.574 1683.534 1681.299 1679.415 1677.53 1676.704 1675.987 1675.152 1673.406 1671.661 1669.931 1668.232 1666.533 1665.05 1663.756 1662.461 1661.064 1659.63 1658.197 1656.334 1654.449 1652.646 1651.258 1649.871 1648.832 1648.381 1647.93 1647.298 1646.535 1645.772 1644.762 1643.687 1642.612 1638.451 1634.29 1630.7 1629.267 1627.833 1626.55 1625.475 1624.4 1622.679
1683.575 1683.104 1682.571 1682.037 1681.496 1680.954 1680.539 1680.548 1680.557 1680.719 1681.078 1681.436 1682.26 1683.335 1684.41 1685.643 1686.901 1688.098 1688.457 1688.815 1689.025 1688.85 1688.676 1687.355 1684.829 1682.303 1680.045 1677.904 1675.763 1674.912 1674.195 1673.375 1671.758 1670.141 1668.581 1667.139 1665.696 1664.539 1663.63 1662.721 1661.422 1659.989 1658.555 1656.447 1654.306 1652.308 1651.049 1649.791 1648.737 1648.029 1647.321 1646.507 1645.615 1644.724 1643.687 1642.612 1641.537 1637.762 1633.986 1630.7 1629.267 1627.833 1626.55 1625.475 1624.4 1622.76
1682.379 1681.925 1681.263 1680.607 1680.193 1679.78 1679.405 1679.157 1678.909 1678.927 1679.286 1679.644 1680.468 1681.543 1682.618 1683.741 1684.871 1685.948 1686.307 1686.665 1686.839 1686.536 1686.233 1685.097 1683.085 1681.072 1678.791 1676.393 1673.995 1673.12 1672.404 1671.598 1670.109 1668.621 1667.231 1666.045 1664.86 1664.028 1663.504 1662.98 1661.78 1660.347 1658.913 1656.561 1654.163 1651.97 1650.84 1649.71 1648.641 1647.677 1646.712 1645.715 1644.695 1643.676 1642.612 1641.537 1640.462 1637.072 1633.681 1630.7 1629.267 1627.833 1626.55 1625.475 1624.4 1622.84
1680.898 1680.396 1679.679 1678.975 1678.836 1678.698 1678.458 1677.88 1677.302 1677.136 1677.494 1677.853 1678.581 1679.51 1680.438 1681.43 1682.432 1683.394 1683.826 1684.258 1684.51 1684.298 1684.087 1683.212 1681.64 1680.068 1677.793 1675.211 1672.63 1671.87 1671.3 1670.596 1668.87 1667.144 1665.653 1664.651 1663.649 1663.069 1662.857 1662.646 1661.525 1660.092 1658.659 1656.48 1654.265 1652.222 1651.074 1649.926 1648.75 1647.529 1646.307 1645.086 1643.864 1642.643 1641.595 1640.593 1639.591 1636.733 1633.874 1631.359 1630.146 1628.932 1627.746 1626.597 1625.449 1623.943
1679.203 1678.604 1677.888 1677.192 1677.438 1677.685 1677.652 1676.689 1675.725 1675.344 1675.702 1676.061 1676.623 1677.294 1677.966 1678.811 1679.684 1680.536 1681.096 1681.656 1682.073 1682.118 1682.163 1681.608 1680.421 1679.234 1676.987 1674.277 1671.567 1671.028 1670.714 1670.179 1667.939 1665.699 1663.903 1663.029 1662.156 1661.773 1661.818 1661.863 1660.809 1659.375 1657.942 1656.253 1654.551 1652.918 1651.642 1650.365 1649.013 1647.535 1646.057 1644.578 1643.1 1641.622 1640.621 1639.748 1638.875 1636.658 1634.441 1632.515 1631.686 1630.858 1629.842 1628.565 1627.289 1625.815
1677.508 1676.813 1676.096 1675.408 1676.04 1676.672 1676.846 1675.498 1674.149 1673.552 1673.911 1674.269 1674.664 1675.079 1675.494 1676.192 1676.937 1677.678 1678.367 1679.055 1679.636 1679.938 1680.24 1680.004 1679.203 1678.401 1676.18 1673.342 1670.504 1670.186 1670.129 1669.761 1667.008 1664.254 1662.153 1661.408 1660.663 1660.477 1660.779 1661.08 1660.092 1658.659 1657.225 1656.026 1654.837 1653.614 1652.209 1650.804 1649.276 1647.541 1645.806 1644.071 1642.335 1640.6 1639.648 1638.903 1638.158 1636.583 1635.009 1633.671 1633.227 1632.784 1631.938 1630.533 1629.128 1627.688
1675.216 1674.462 1673.745 1673.057 1673.674 1674.29 1674.48 1673.247 1672.014 1671.481 1671.84 1672.198 1672.556 1672.915 1673.273 1673.939 1674.656 1675.366 1675.982 1676.599 1677.227 1677.886 1678.545 1678.533 1677.816 1677.1 1675.164 1672.698 1670.232 1669.637 1669.237 1668.563 1665.796 1663.03 1660.929 1660.212 1659.496 1659.139 1659.097 1659.055 1658.127 1656.894 1655.661 1654.483 1653.308 1652.123 1650.89 1649.657 1648.216 1646.425 1644.633 1642.899 1641.208 1639.516 1638.516 1637.699 1636.882 1635.449 1634.016 1632.786 1632.328 1631.869 1631.045 1629.711 1628.378 1626.982
1672.756 1671.953 1671.237 1670.546 1671.034 1671.522 1671.672 1670.696 1669.72 1669.331 1669.689 1670.048 1670.406 1670.765 1671.123 1671.789 1672.506 1673.207 1673.695 1674.183 1674.826 1675.87 1676.914 1677.1 1676.383 1675.666 1674.089 1672.136 1670.183 1669.172 1668.258 1667.145 1664.506 1661.868 1659.854 1659.137 1658.421 1657.79 1657.234 1656.678 1655.81 1654.833 1653.857 1652.569 1651.265 1650.015 1649.039 1648.062 1646.783 1644.991 1643.199 1641.541 1639.977 1638.414 1637.339 1636.394 1635.449 1634.016 1632.582 1631.326 1630.739 1630.152 1629.307 1628.102 1626.897 1625.549
1670.296 1669.445 1668.728 1668.035 1668.395 1668.754 1668.865 1668.146 1667.426 1667.181 1667.539 1667.898 1668.256 1668.615 1668.973 1669.639 1670.356 1671.048 1671.408 1671.767 1672.424 1673.854 1675.283 1675.666 1674.95 1674.233 1673.013 1671.574 1670.135 1668.706 1667.279 1665.726 1663.216 1660.706 1658.779 1658.062 1657.345 1656.44 1655.371 1654.301 1653.492 1652.773 1652.053 1650.655 1649.223 1647.906 1647.187 1646.468 1645.349 1643.558 1641.766 1640.182 1638.747 1637.312 1636.163 1635.089 1634.016 1632.582 1631.149 1629.866 1629.151 1628.435 1627.569 1626.492 1625.416 1624.115
1667.812 1667.04 1666.45 1665.881 1666.239 1666.598 1666.825 1666.616 1666.408 1666.169 1665.892 1665.616 1665.834 1666.319 1666.805 1667.271 1667.733 1668.18 1668.411 1668.643 1669.102 1670.155 1671.207 1671.583 1671.247 1670.912 1670.254 1669.455 1668.657 1667.168 1665.608 1663.982 1661.855 1659.728 1658.1 1657.51 1656.92 1656.207 1655.386 1654.565 1653.727 1652.883 1652.04 1650.634 1649.201 1647.842 1646.872 1645.901 1644.814 1643.53 1642.247 1640.728 1639.041 1637.354 1636.05 1634.848 1633.646 1632.212 1630.779 1629.522 1628.932 1628.343 1627.497 1626.295 1625.093 1623.745
1665.328 1664.636 1664.174 1663.731 1664.089 1664.448 1664.794 1665.099 1665.404 1665.17 1664.251 1663.332 1663.409 1664.023 1664.637 1664.9 1665.106 1665.305 1665.408 1665.51 1665.77 1666.437 1667.104 1667.471 1667.52 1667.57 1667.476 1667.32 1667.163 1665.619 1663.93 1662.235 1660.493 1658.751 1657.425 1656.963 1656.502 1655.986 1655.422 1654.858 1653.99 1653.018 1652.046 1650.634 1649.201 1647.801 1646.573 1645.346 1644.288 1643.518 1642.748 1641.296 1639.352 1637.407 1635.948 1634.618 1633.287 1631.854 1630.421 1629.191 1628.729 1628.268 1627.443 1626.113 1624.782 1623.387
1663.042 1662.424 1662.066 1661.723 1662.055 1662.388 1662.792 1663.432 1664.073 1663.833 1662.476 1661.12 1661.11 1661.827 1662.543 1662.644 1662.644 1662.641 1662.59 1662.539 1662.602 1662.96 1663.318 1663.714 1664.149 1664.583 1664.93 1665.237 1665.544 1664.019 1662.304 1660.621 1659.188 1657.754 1656.687 1656.379 1656.072 1655.737 1655.379 1655.021 1654.111 1653.01 1651.91 1650.54 1649.158 1647.767 1646.334 1644.901 1643.867 1643.508 1643.15 1641.78 1639.681 1637.582 1636.009 1634.576 1633.142 1631.76 1630.378 1629.199 1628.79 1628.38 1627.532 1626.073 1624.614 1623.139
