et_10.txt
ncols         437
nrows         296
xllcorner     526651.91685265
yllcorner     3957685.3363754
cellsize      10
NODATA_value  -9999
[rows 60 to 89 of 296, columns 0 to 65 of 437]
-9999 -9999 -9999 -9999 -9999 -9999 -9999 -9999 -9999 -9999 -9999 -9999 -9999 -9999 -9999 -9999 -9999 -9999 -9999 -9999 -9999 -9999 -9999 -9999 -9999 1684.382 1684.382 1685.573 1686.776 1688.305 1691.143 1693.982 1696.326 1697.953 1699.579 1702.193 1705.418 1708.643 1711.542 1714.373 1717.109 1717.339 1717.568 1717.31 1715.555 1713.799 1711.613 1708.912 1706.21 1703.594 1701.021 1698.448 1696.758 1695.196 1693.571 1691.256 1688.941 1686.502 1683.764 1681.026 1679.662 -9999 -9999 -9999 -9999 -9999
-9999 -9999 -9999 -9999 -9999 -9999 -9999 -9999 -9999 -9999 -9999 -9999 -9999 -9999 -9999 -9999 -9999 -9999 -9999 -9999 -9999 -9999 -9999 -9999 -9999 1681.157 1681.157 1682.601 1684.062 1685.644 1687.712 1689.78 1691.825 1693.837 1695.849 1698.609 1701.834 1705.06 1708.489 1711.962 1715.308 1715.281 1715.254 1714.644 1712.247 1709.849 1707.138 1704.051 1700.964 1698.133 1695.432 1692.731 1690.8 1688.981 1687.153 1685.223 1683.293 1681.202 1678.721 1676.24 1675.004 -9999 -9999 -9999 -9999 -9999
-9999 -9999 -9999 -9999 -9999 -9999 -9999 -9999 -9999 -9999 -9999 -9999 -9999 -9999 -9999 -9999 -9999 -9999 -9999 -9999 -9999 -9999 -9999 -9999 -9999 1677.932 1677.932 1679.63 1681.348 1682.982 1684.28 1685.577 1687.323 1689.72 1692.118 1695.026 1698.251 1701.476 1705.437 1709.551 1713.507 1713.223 1712.939 1711.978 1708.939 1705.899 1702.663 1699.19 1695.718 1692.673 1689.843 1687.014 1684.842 1682.767 1680.735 1679.19 1677.646 1675.902 1673.678 1671.454 1670.345 -9999 -9999 -9999 -9999 -9999
-9999 -9999 -9999 -9999 -9999 -9999 -9999 -9999 -9999 -9999 -9999 -9999 -9999 -9999 -9999 -9999 -9999 -9999 -9999 -9999 -9999 -9999 -9999 -9999 -9999 1674.43 1675.21 1676.537 1677.872 1679.119 1680.011 1680.904 1682.455 1684.964 1687.472 1690.479 1693.796 1697.112 1700.94 1704.875 1708.648 1708.107 1707.566 1706.344 1703.027 1699.711 1696.273 1692.69 1689.106 1686.242 1683.74 1681.239 1679.204 1677.236 1675.306 1673.781 1672.256 1670.656 1668.871 1667.086 1665.551 -9999 -9999 -9999 -9999 -9999
-9999 -9999 -9999 -9999 -9999 -9999 -9999 -9999 -9999 -9999 -9999 -9999 -9999 -9999 -9999 -9999 -9999 -9999 -9999 -9999 -9999 -9999 1669 1669 1670.436 1671.75 1672.699 1673.393 1674.086 1674.768 1675.404 1676.039 1677.439 1679.947 1682.455 1685.542 1688.987 1692.432 1695.857 1699.278 1702.547 1701.749 1700.951 1699.504 1696.059 1692.614 1689.106 1685.523 1681.939 1679.416 1677.428 1675.44 1673.695 1671.984 1670.278 1668.625 1666.972 1665.431 1664.159 1662.888 1661.277 1658.815 1655.308 1654 -9999 -9999
-9999 -9999 -9999 -9999 -9999 -9999 -9999 -9999 -9999 -9999 -9999 -9999 -9999 -9999 -9999 -9999 -9999 -9999 -9999 -9999 -9999 -9999 1669 1669 1669.342 1669.773 1670.195 1670.25 1670.301 1670.417 1670.796 1671.174 1672.422 1674.93 1677.439 1680.604 1684.178 1687.751 1690.774 1693.681 1696.446 1695.391 1694.337 1692.664 1689.091 1685.517 1681.939 1678.356 1674.773 1672.59 1671.116 1669.642 1668.185 1666.732 1665.251 1663.469 1661.688 1660.206 1659.448 1658.691 1657.556 1656.023 1654.458 1654 -9999 -9999
-9999 -9999 -9999 -9999 -9999 -9999 -9999 -9999 -9999 -9999 -9999 -9999 -9999 -9999 -9999 -9999 -9999 -9999 -9999 -9999 -9999 -9999 1667.338 1667.634 1667.591 1667.477 1667.362 1667.244 1667.126 1667.079 1667.319 1667.559 1668.628 1670.9 1673.172 1676.254 1679.837 1683.421 1686.216 1688.846 1691.33 1689.901 1688.471 1686.571 1683.224 1679.876 1676.583 1673.354 1670.126 1668.168 1666.853 1665.538 1664.326 1663.129 1661.902 1660.347 1658.791 1657.412 1656.459 1655.506 1654.253 1652.701 1651.149 1650.701 -9999 -9999
-9999 -9999 -9999 -9999 -9999 -9999 -9999 -9999 -9999 -9999 -9999 -9999 -9999 -9999 -9999 -9999 -9999 -9999 -9999 -9999 1666 1666.067 1666.161 1666.233 1665.757 1665.129 1664.501 1664.25 1664.004 1663.828 1663.94 1664.052 1664.94 1666.955 1668.97 1671.953 1675.537 1679.12 1681.704 1684.077 1686.299 1684.484 1682.67 1680.542 1677.452 1674.361 1671.383 1668.54 1665.696 1663.953 1662.766 1661.58 1660.608 1659.668 1658.698 1657.4 1656.101 1654.829 1653.619 1652.409 1650.963 1649.283 1647.603 1647.118 -9999 -9999
-9999 -9999 -9999 -9999 -9999 -9999 -9999 -9999 -9999 -9999 -9999 -9999 -9999 -9999 -9999 -9999 -9999 -9999 -9999 -9999 1665.814 1665.571 1665.146 1664.721 1663.776 1662.684 1661.593 1661.21 1660.835 1660.544 1660.594 1660.644 1661.391 1663.15 1664.908 1667.731 1671.215 1674.698 1677.038 1679.138 1681.087 1679.003 1676.92 1674.661 1671.861 1669.061 1666.424 1663.982 1661.54 1659.995 1658.904 1657.812 1657.063 1656.363 1655.635 1654.611 1653.586 1652.427 1650.943 1649.46 1647.847 1646.105 1644.363 1643.86 -9999 -9999
-9999 -9999 -9999 -9999 -9999 -9999 -9999 -9999 -9999 -9999 -9999 -9999 -9999 -9999 -9999 -9999 -9999 -9999 -9999 -9999 1664.38 1663.845 1662.906 1661.968 1660.809 1659.589 1658.369 1657.858 1657.354 1657.037 1657.473 1657.908 1658.778 1660.28 1661.781 1664.031 1666.743 1669.456 1671.344 1673.059 1674.655 1673.085 1671.516 1669.77 1667.484 1665.197 1663.074 1661.146 1659.218 1657.76 1656.54 1655.32 1654.666 1654.095 1653.517 1652.878 1652.238 1651.239 1649.37 1647.502 1645.89 1644.533 1643.177 1642.785 -9999 -9999
-9999 -9999 -9999 -9999 -9999 -9999 -9999 -9999 -9999 -9999 -9999 -9999 -9999 -9999 -9999 -9999 -9999 -9999 -9999 -9999 1662.947 1662.119 1660.666 1659.214 1657.842 1656.494 1655.145 1654.506 1653.874 1653.53 1654.351 1655.171 1656.165 1657.41 1658.654 1660.33 1662.272 1664.215 1665.65 1666.98 1668.223 1667.167 1666.111 1664.879 1663.107 1661.334 1659.724 1658.31 1656.895 1655.525 1654.176 1652.828 1652.27 1651.827 1651.399 1651.145 1650.89 1650.051 1647.797 1645.543 1643.933 1642.962 1641.991 1641.71 -9999 -9999
-9999 -9999 -9999 -9999 -9999 -9999 -9999 -9999 -9999 -9999 -9999 -9999 -9999 -9999 -9999 -9999 -9999 -9999 -9999 -9999 1660.054 1659.082 1657.378 1655.673 1654.384 1653.212 1652.04 1651.361 1650.688 1650.336 1651.281 1652.225 1653.205 1654.236 1655.268 1656.655 1658.263 1659.87 1661.002 1662.033 1663.001 1662.285 1661.568 1660.697 1659.351 1658.004 1656.801 1655.77 1654.738 1653.498 1652.152 1650.805 1650.17 1649.637 1649.134 1648.96 1648.786 1647.929 1645.421 1642.912 1641.281 1640.521 1639.76 1639.541 -9999 -9999
-9999 -9999 -9999 -9999 -9999 -9999 -9999 -9999 -9999 -9999 -9999 -9999 -9999 -9999 -9999 -9999 -9999 -9999 -9999 -9999 1654.321 1653.495 1652.047 1650.6 1649.968 1649.566 1649.165 1648.622 1648.077 1647.751 1648.311 1648.87 1649.569 1650.472 1651.375 1653.03 1655.151 1657.273 1658.387 1659.29 1660.135 1659.418 1658.701 1657.893 1656.804 1655.714 1654.71 1653.807 1652.904 1651.877 1650.787 1649.698 1648.646 1647.6 1646.583 1645.895 1645.207 1643.987 1641.479 1638.97 1637.275 1636.386 1635.497 1635.241 -9999 -9999
-9999 -9999 -9999 -9999 -9999 -9999 -9999 -9999 -9999 -9999 -9999 -9999 -9999 -9999 -9999 -9999 -9999 -9999 -9999 -9999 1648.588 1647.908 1646.717 1645.526 1645.552 1645.921 1646.29 1645.882 1645.466 1645.167 1645.34 1645.514 1645.933 1646.708 1647.482 1649.406 1652.04 1654.675 1655.772 1656.547 1657.268 1656.551 1655.834 1655.089 1654.257 1653.424 1652.618 1651.843 1651.069 1650.255 1649.423 1648.59 1647.122 1645.563 1644.032 1642.831 1641.629 1640.045 1637.537 1635.029 1633.269 1632.251 1631.234 1630.941 -9999 -9999
-9999 -9999 -9999 -9999 -9999 -9999 -9999 -9999 -9999 -9999 -9999 -9999 -9999 -9999 -9999 -9999 -9999 -9999 -9999 -9999 1643.641 1643.027 1641.952 1640.877 1640.98 1641.414 1641.849 1641.778 1641.702 1641.668 1641.809 1641.95 1642.269 1642.844 1643.42 1645.193 1647.707 1650.222 1651.308 1652.095 1652.826 1652.038 1651.251 1650.447 1649.589 1648.732 1647.874 1647.016 1646.159 1645.301 1644.444 1643.586 1642.035 1640.385 1638.764 1637.471 1636.179 1634.634 1632.478 1630.321 1628.814 1627.95 1627.087 1626.721 -9999 -9999
-9999 -9999 -9999 -9999 -9999 -9999 -9999 -9999 -9999 -9999 -9999 -9999 -9999 -9999 -9999 -9999 -9999 -9999 -9999 -9999 1639.34 1638.727 1637.652 1636.577 1636.279 1636.2 1636.121 1636.553 1636.99 1637.419 1637.817 1638.215 1638.58 1638.899 1639.218 1640.496 1642.369 1644.241 1645.322 1646.238 1647.087 1646.172 1645.256 1644.292 1643.177 1642.063 1640.949 1639.834 1638.72 1637.605 1636.491 1635.376 1634.018 1632.624 1631.26 1630.224 1629.188 1628.013 1626.499 1624.985 1623.99 1623.512 1623.033 1623.231 1623.88 1624.894
-9999 -9999 -9999 -9999 -9999 -9999 -9999 -9999 -9999 -9999 -9999 -9999 -9999 -9999 -9999 -9999 -9999 -9999 -9999 -9999 1635.04 1634.427 1633.352 1632.277 1631.578 1630.986 1630.393 1631.327 1632.278 1633.17 1633.825 1634.479 1634.892 1634.954 1635.016 1635.8 1637.03 1638.26 1639.337 1640.381 1641.349 1640.305 1639.261 1638.137 1636.766 1635.395 1634.023 1632.652 1631.281 1629.91 1628.538 1627.167 1626 1624.863 1623.756 1622.977 1622.198 1621.392 1620.52 1619.648 1619.167 1619.074 1618.98 1620.393 1622.53 1624.812
-9999 -9999 -9999 -9999 -9999 -9999 -9999 -9999 -9999 -9999 -9999 -9999 -9999 -9999 -9999 -9999 -9999 -9999 -9999 -9999 1630.74 1630.182 1629.205 1628.227 1627.529 1626.909 1626.29 1627.25 1628.228 1629.154 1629.871 1630.587 1631.012 1631.012 1631.012 1631.435 1632.121 1632.806 1633.492 1634.178 1634.807 1633.926 1633.046 1632.102 1630.96 1629.819 1628.589 1627.253 1625.917 1624.581 1623.245 1621.909 1620.801 1619.726 1618.681 1617.964 1617.247 1616.616 1616.191 1615.767 1615.75 1616.14 1616.529 1618.495 1621.101 1623.706
-9999 -9999 -9999 -9999 -9999 -9999 -9999 -9999 -9999 -9999 -9999 -9999 -9999 -9999 -9999 -9999 -9999 -9999 -9999 -9999 1626.44 1625.956 1625.106 1624.257 1623.687 1623.196 1622.705 1623.54 1624.389 1625.212 1625.929 1626.646 1627.07 1627.07 1627.07 1627.176 1627.348 1627.52 1627.692 1627.864 1628.007 1627.384 1626.76 1626.104 1625.348 1624.592 1623.631 1622.423 1621.215 1620.008 1618.8 1617.593 1616.501 1615.426 1614.38 1613.664 1612.947 1612.428 1612.389 1612.35 1612.783 1613.686 1614.589 1616.794 1619.529 1622.263
-9999 -9999 -9999 -9999 -9999 -9999 -9999 -9999 -9999 -9999 -9999 -9999 -9999 -9999 -9999 -9999 -9999 -9999 -9999 -9999 1622.14 1621.729 1621.008 1620.287 1619.845 1619.483 1619.12 1619.83 1620.55 1621.271 1621.987 1622.704 1623.128 1623.128 1623.128 1622.917 1622.576 1622.234 1621.892 1621.551 1621.208 1620.841 1620.475 1620.107 1619.736 1619.365 1618.672 1617.593 1616.514 1615.435 1614.355 1613.276 1612.201 1611.126 1610.08 1609.364 1608.647 1608.241 1608.587 1608.933 1609.816 1611.232 1612.649 1615.094 1617.957 1620.819
-9999 -9999 -9999 -9999 -9999 -9999 -9999 -9999 -9999 -9999 -9999 -9999 -9999 -9999 -9999 -9999 -9999 -9999 -9999 -9999 1618.533 1618.124 1617.408 1616.691 1616.351 1616.116 1615.882 1616.712 1617.552 1618.319 1618.788 1619.256 1619.432 1619.183 1618.935 1618.619 1618.26 1617.902 1617.543 1617.185 1616.84 1616.855 1616.869 1616.914 1617.052 1617.191 1616.834 1615.883 1614.932 1613.899 1612.824 1611.749 1610.783 1609.832 1608.911 1608.318 1607.726 1607.411 1607.77 1608.128 1608.901 1610.086 1611.271 1613.564 1616.306 1619.049
-9999 -9999 -9999 -9999 -9999 -9999 -9999 -9999 -9999 -9999 -9999 -9999 -9999 -9999 -9999 -9999 -9999 -9999 -9999 -9999 1614.95 1614.541 1613.824 1613.107 1612.867 1612.761 1612.656 1613.614 1614.583 1615.402 1615.613 1615.824 1615.744 1615.238 1614.733 1614.318 1613.96 1613.602 1613.243 1612.885 1612.554 1612.954 1613.353 1613.815 1614.467 1615.119 1615.101 1614.278 1613.456 1612.466 1611.391 1610.316 1609.461 1608.639 1607.846 1607.382 1606.918 1606.695 1607.053 1607.411 1608.056 1608.984 1609.912 1612.039 1614.653 1617.267
-9999 -9999 -9999 -9999 -9999 -9999 -9999 -9999 -9999 -9999 -9999 -9999 -9999 -9999 -9999 -9999 -9999 -9999 -9999 -9999 1611.937 1611.554 1610.882 1610.211 1610.028 1609.983 1609.937 1610.91 1611.894 1612.679 1612.656 1612.633 1612.327 1611.611 1610.894 1610.37 1609.967 1609.563 1609.197 1608.838 1608.522 1609.33 1610.137 1611.01 1612.085 1613.16 1613.41 1612.671 1611.931 1610.984 1609.932 1608.88 1608.1 1607.361 1606.657 1606.344 1606.031 1605.921 1606.302 1606.683 1607.199 1607.847 1608.496 1610.37 1612.742 1615.114
-9999 -9999 -9999 -9999 -9999 -9999 -9999 -9999 -9999 -9999 -9999 -9999 -9999 -9999 -9999 -9999 -9999 -9999 -9999 -9999 1611.578 1611.342 1610.927 1610.513 1610.186 1609.884 1609.582 1610.044 1610.514 1610.861 1610.71 1610.559 1610.177 1609.461 1608.744 1608.062 1607.401 1606.741 1606.33 1605.972 1605.674 1606.995 1608.316 1609.577 1610.652 1611.727 1611.918 1611.051 1610.183 1609.278 1608.354 1607.43 1606.555 1605.687 1604.887 1604.831 1604.775 1604.884 1605.393 1605.903 1606.289 1606.552 1606.815 1608.03 1609.632 1611.234
-9999 -9999 -9999 -9999 -9999 -9999 -9999 -9999 -9999 -9999 -9999 -9999 -9999 -9999 -9999 -9999 -9999 -9999 -9999 -9999 1611.22 1611.13 1610.972 1610.815 1610.344 1609.785 1609.226 1609.177 1609.134 1609.044 1608.765 1608.485 1608.027 1607.311 1606.594 1605.753 1604.836 1603.918 1603.463 1603.105 1602.826 1604.661 1606.495 1608.144 1609.219 1610.294 1610.427 1609.43 1608.434 1607.571 1606.776 1605.98 1605.009 1604.013 1603.116 1603.317 1603.518 1603.846 1604.484 1605.122 1605.379 1605.257 1605.135 1605.691 1606.522 1607.353
-9999 -9999 -9999 -9999 -9999 -9999 -9999 -9999 -9999 -9999 -9999 -9999 -9999 -9999 -9999 -9999 -9999 -9999 -9999 -9999 1611.074 1611 1611 1611 1610.441 1609.724 1609.008 1608.646 1608.287 1607.919 1607.511 1607.103 1606.549 1605.783 1605.016 1604.121 1603.145 1602.169 1601.704 1601.345 1601.07 1603.022 1604.974 1606.71 1607.785 1608.86 1609.002 1608.027 1607.051 1606.214 1605.448 1604.682 1603.689 1602.663 1601.757 1602.165 1602.573 1603.042 1603.66 1604.277 1604.43 1604.121 1603.812 1603.837 1603.997 1604.157
-9999 -9999 -9999 -9999 -9999 -9999 -9999 -9999 -9999 -9999 -9999 -9999 -9999 -9999 -9999 -9999 -9999 -9999 -9999 -9999 1611.249 1611 1611 1611 1610.441 1609.724 1609.008 1608.646 1608.287 1607.894 1607.357 1606.821 1606.138 1605.244 1604.349 1603.563 1602.844 1602.125 1601.704 1601.345 1601.052 1602.49 1603.928 1605.277 1606.352 1607.427 1607.686 1606.967 1606.248 1605.412 1604.517 1603.623 1602.726 1601.829 1601.051 1601.587 1602.124 1602.609 1602.969 1603.33 1603.419 1603.239 1603.059 1602.755 1602.401 1602.048
-9999 -9999 -9999 -9999 -9999 -9999 -9999 -9999 -9999 -9999 -9999 -9999 -9999 -9999 -9999 -9999 -9999 1614 1613.556 1612.42 1611.404 1611 1611 1611 1610.441 1609.724 1609.008 1608.646 1608.287 1607.868 1607.203 1606.538 1605.728 1604.704 1603.681 1603.005 1602.542 1602.08 1601.704 1601.345 1601.033 1601.958 1602.882 1603.844 1604.919 1605.994 1606.369 1605.907 1605.445 1604.61 1603.587 1602.564 1601.763 1600.995 1600.345 1601.01 1601.675 1602.175 1602.279 1602.383 1602.409 1602.357 1602.305 1601.673 1600.806 1599.938
-9999 -9999 -9999 -9999 -9999 -9999 -9999 -9999 -9999 -9999 -9999 -9999 -9999 -9999 -9999 -9999 -9999 1613.573 1613.268 1612.422 1611.577 1611.257 1611.333 1611.41 1610.868 1610.151 1609.435 1608.921 1608.41 1607.858 1607.141 1606.424 1605.561 1604.486 1603.411 1602.779 1602.42 1602.062 1601.704 1601.345 1601.026 1601.743 1602.459 1603.264 1604.339 1605.414 1605.837 1605.479 1605.12 1604.286 1603.211 1602.136 1601.374 1600.657 1600.059 1600.776 1601.493 1602 1602 1602 1602 1602 1602 1601.235 1600.16 1599.085
-9999 -9999 -9999 -9999 -9999 -9999 -9999 -9999 -9999 -9999 -9999 -9999 -9999 -9999 -9999 -9999 -9999 1612.856 1612.69 1612.23 1611.77 1611.689 1611.894 1612.099 1611.585 1610.868 1610.151 1609.384 1608.616 1607.858 1607.141 1606.424 1605.561 1604.486 1603.411 1602.779 1602.42 1602.062 1601.704 1601.345 1601.026 1601.743 1602.459 1603.264 1604.339 1605.414 1605.837 1605.479 1605.12 1604.286 1603.211 1602.136 1601.374 1600.657 1600.059 1600.776 1601.493 1602 1602 1602 1602 1602 1602 1601.235 1600.16 1599.085
